 7.199192752E+01	 9.226666870E+02
 7.694355804E+01	 9.246666870E+02
 8.189253450E+01	 9.203333130E+02
 8.683885870E+01	 9.326666870E+02
 9.178253247E+01	 9.640000000E+02
 9.672355762E+01	 9.840000000E+02
 1.016619360E+02	 1.027333374E+03
 1.065976694E+02	 1.077666626E+03
 1.115307596E+02	 1.101666626E+03
 1.164612086E+02	 1.096000000E+03
 1.213890180E+02	 1.063666626E+03
 1.263141898E+02	 1.047000000E+03
 1.312367257E+02	 1.045333374E+03
 1.361566277E+02	 1.052333374E+03
 1.410738974E+02	 1.083000000E+03
 1.459885368E+02	 1.097333374E+03
 1.509005477E+02	 1.137000000E+03
 1.558099319E+02	 1.137666626E+03
 1.607166912E+02	 1.144333374E+03
 1.656208276E+02	 1.134666626E+03
 1.705223427E+02	 1.173000000E+03
 1.754212385E+02	 1.166333374E+03
 1.803175168E+02	 1.152000000E+03
 1.852111794E+02	 1.129000000E+03
 1.901022281E+02	 1.101666626E+03
 1.949906649E+02	 1.067000000E+03
 1.998764915E+02	 1.079666626E+03
 2.047597097E+02	 1.084000000E+03
 2.096403215E+02	 1.098000000E+03
 2.145183286E+02	 1.117666626E+03
 2.193937330E+02	 1.137333374E+03
 2.242665363E+02	 1.133666626E+03
 2.291367406E+02	 1.103000000E+03
 2.340043475E+02	 1.084666626E+03
 2.388693591E+02	 1.064000000E+03
 2.437317770E+02	 1.039000000E+03
 2.485916032E+02	 1.020000000E+03
 2.534488395E+02	 1.002000000E+03
 2.583034877E+02	 1.007666687E+03
 2.631555498E+02	 9.880000000E+02
 2.680050274E+02	 9.903333130E+02
 2.728519226E+02	 9.966666870E+02
 2.776962371E+02	 9.916666870E+02
 2.825379728E+02	 9.990000000E+02
 2.873771315E+02	 1.013000000E+03
 2.922137150E+02	 1.032333374E+03
 2.970477253E+02	 1.013333313E+03
 3.018791642E+02	 1.016333313E+03
 3.067080335E+02	 1.021333313E+03
 3.115343351E+02	 1.019666687E+03
 3.163580708E+02	 1.014666687E+03
 3.211792425E+02	 1.012333313E+03
 3.259978520E+02	 1.019000000E+03
 3.308139012E+02	 1.008000000E+03
 3.356273920E+02	 1.004666687E+03
 3.404383261E+02	 1.012000000E+03
 3.452467054E+02	 1.005666687E+03
 3.500525319E+02	 1.013000000E+03
 3.548558073E+02	 1.014333313E+03
 3.596565335E+02	 1.041666626E+03
 3.644547123E+02	 1.055000000E+03
 3.692503456E+02	 1.035000000E+03
 3.740434353E+02	 1.055333374E+03
 3.788339832E+02	 1.053000000E+03
 3.836219912E+02	 1.069000000E+03
 3.884074611E+02	 1.056000000E+03
 3.931903948E+02	 1.034000000E+03
 3.979707941E+02	 1.022333313E+03
 4.027486608E+02	 1.033000000E+03
 4.075239970E+02	 1.035333374E+03
 4.122968043E+02	 1.035666626E+03
 4.170670846E+02	 1.017000000E+03
 4.218348399E+02	 1.021666687E+03
 4.266000719E+02	 1.012666687E+03
 4.313627826E+02	 9.810000000E+02
 4.361229737E+02	 9.706666870E+02
 4.408806471E+02	 9.753333130E+02
 4.456358047E+02	 9.520000000E+02
 4.503884484E+02	 9.500000000E+02
 4.551385799E+02	 9.413333130E+02
 4.598862012E+02	 9.520000000E+02
 4.646313141E+02	 9.406666870E+02
 4.693739204E+02	 9.266666870E+02
 4.741140221E+02	 9.416666870E+02
 4.788516209E+02	 9.366666870E+02
 4.835867187E+02	 9.596666870E+02
 4.883193174E+02	 9.613333130E+02
 4.930494189E+02	 9.736666870E+02
 4.977770249E+02	 1.010666687E+03
 5.025021374E+02	 1.028333374E+03
 5.072247582E+02	 1.053333374E+03
 5.119448891E+02	 1.073000000E+03
 5.166625320E+02	 1.067666626E+03
 5.213776888E+02	 1.080666626E+03
 5.260903613E+02	 1.109333374E+03
 5.308005514E+02	 1.100333374E+03
 5.355082609E+02	 1.093666626E+03
 5.402134917E+02	 1.097333374E+03
 5.449162456E+02	 1.076666626E+03
 5.496165244E+02	 1.061666626E+03
 5.543143301E+02	 1.050333374E+03
 5.590096645E+02	 1.053666626E+03
 5.637025294E+02	 1.050333374E+03
 5.683929268E+02	 1.027666626E+03
 5.730808583E+02	 1.003333313E+03
 5.777663260E+02	 9.700000000E+02
 5.824493316E+02	 9.456666870E+02
 5.871298769E+02	 9.203333130E+02
 5.918079640E+02	 9.400000000E+02
 5.964835945E+02	 9.233333130E+02
 6.011567704E+02	 9.243333130E+02
 6.058274934E+02	 9.230000000E+02
 6.104957655E+02	 9.166666870E+02
 6.151615885E+02	 9.350000000E+02
 6.198249643E+02	 9.410000000E+02
 6.244858946E+02	 9.380000000E+02
 6.291443814E+02	 9.546666870E+02
 6.338004264E+02	 9.666666870E+02
 6.384540316E+02	 9.816666870E+02
 6.431051988E+02	 1.022666687E+03
 6.477539297E+02	 1.063666626E+03
 6.524002264E+02	 1.148000000E+03
 6.570440906E+02	 1.262333374E+03
 6.616855241E+02	 1.363000000E+03
 6.663245288E+02	 1.321666626E+03
 6.709611066E+02	 1.222666626E+03
 6.755952592E+02	 1.099333374E+03
 6.802269886E+02	 1.053000000E+03
 6.848562966E+02	 1.029666626E+03
 6.894831850E+02	 1.017333313E+03
 6.941076556E+02	 1.029666626E+03
 6.987297103E+02	 1.037333374E+03
 7.033493510E+02	 1.051666626E+03
 7.079665794E+02	 1.074333374E+03
 7.125813975E+02	 1.082666626E+03
 7.171938070E+02	 1.101000000E+03
 7.218038098E+02	 1.109000000E+03
 7.264114078E+02	 1.122666626E+03
 7.310166027E+02	 1.134000000E+03
 7.356193964E+02	 1.139666626E+03
 7.402197908E+02	 1.131666626E+03
 7.448177876E+02	 1.110666626E+03
 7.494133887E+02	 1.106333374E+03
 7.540065960E+02	 1.100000000E+03
 7.585974112E+02	 1.089666626E+03
 7.631858363E+02	 1.073000000E+03
 7.677718730E+02	 1.064333374E+03
 7.723555232E+02	 1.048000000E+03
 7.769367886E+02	 1.035666626E+03
 7.815156712E+02	 1.027666626E+03
 7.860921728E+02	 1.028000000E+03
 7.906662951E+02	 9.970000000E+02
 7.952380400E+02	 9.996666870E+02
 7.998074094E+02	 9.863333130E+02
 8.043744051E+02	 9.780000000E+02
 8.089390289E+02	 9.620000000E+02
 8.135012825E+02	 9.656666870E+02
 8.180611679E+02	 9.433333130E+02
 8.226186869E+02	 9.286666870E+02
 8.271738413E+02	 9.353333130E+02
 8.317266328E+02	 9.046666870E+02
 8.362770635E+02	 9.236666870E+02
 8.408251349E+02	 9.076666870E+02
 8.453708490E+02	 9.103333130E+02
 8.499142076E+02	 9.043333130E+02
 8.544552125E+02	 9.133333130E+02
 8.589938656E+02	 9.186666870E+02
 8.635301685E+02	 9.313333130E+02
 8.680641233E+02	 9.220000000E+02
 8.725957316E+02	 9.206666870E+02
 8.771249952E+02	 9.236666870E+02
 8.816519161E+02	 9.280000000E+02
 8.861764960E+02	 9.366666870E+02
 8.906987367E+02	 9.470000000E+02
 8.952186400E+02	 9.446666870E+02
 8.997362078E+02	 9.480000000E+02
 9.042514418E+02	 9.516666870E+02
 9.087643438E+02	 9.393333130E+02
 9.132749157E+02	 9.520000000E+02
 9.177831593E+02	 9.490000000E+02
 9.222890763E+02	 9.460000000E+02
 9.267926686E+02	 9.440000000E+02
 9.312939380E+02	 9.540000000E+02
 9.357928863E+02	 9.480000000E+02
 9.402895153E+02	 9.490000000E+02
 9.447838267E+02	 9.486666870E+02
 9.492758224E+02	 9.443333130E+02
 9.537655042E+02	 9.546666870E+02
 9.582528738E+02	 9.533333130E+02
 9.627379331E+02	 9.470000000E+02
 9.672206839E+02	 9.513333130E+02
 9.717011280E+02	 9.510000000E+02
 9.761792671E+02	 9.570000000E+02
 9.806551030E+02	 9.566666870E+02
 9.851286376E+02	 9.560000000E+02
 9.895998726E+02	 9.540000000E+02
 9.940688098E+02	 9.716666870E+02
 9.985354511E+02	 9.673333130E+02
 1.002999798E+03	 9.766666870E+02
 1.007461853E+03	 9.753333130E+02
 1.011921617E+03	 9.910000000E+02
 1.016379092E+03	 9.836666870E+02
 1.020834280E+03	 9.810000000E+02
 1.025287182E+03	 9.746666870E+02
 1.029737802E+03	 9.883333130E+02
 1.034186139E+03	 9.763333130E+02
 1.038632197E+03	 9.816666870E+02
 1.043075976E+03	 9.750000000E+02
 1.047517479E+03	 9.713333130E+02
 1.051956708E+03	 9.680000000E+02
 1.056393663E+03	 9.603333130E+02
 1.060828347E+03	 9.573333130E+02
 1.065260763E+03	 9.430000000E+02
 1.069690910E+03	 9.303333130E+02
 1.074118792E+03	 9.286666870E+02
 1.078544410E+03	 9.256666870E+02
 1.082967766E+03	 9.040000000E+02
 1.087388861E+03	 9.150000000E+02
 1.091807697E+03	 9.123333130E+02
 1.096224277E+03	 8.960000000E+02
 1.100638601E+03	 9.010000000E+02
 1.105050672E+03	 8.900000000E+02
 1.109460492E+03	 8.830000000E+02
 1.113868061E+03	 8.846666870E+02
 1.118273382E+03	 8.756666870E+02
 1.122676457E+03	 8.703333130E+02
 1.127077288E+03	 8.763333130E+02
 1.131475875E+03	 8.753333130E+02
 1.135872222E+03	 8.586666870E+02
 1.140266329E+03	 8.570000000E+02
 1.144658198E+03	 8.703333130E+02
 1.149047832E+03	 8.590000000E+02
 1.153435231E+03	 8.590000000E+02
 1.157820399E+03	 8.576666870E+02
 1.162203335E+03	 8.566666870E+02
 1.166584043E+03	 8.470000000E+02
 1.170962523E+03	 8.633333130E+02
 1.175338779E+03	 8.590000000E+02
 1.179712810E+03	 8.580000000E+02
 1.184084620E+03	 8.590000000E+02
 1.188454209E+03	 8.566666870E+02
 1.192821581E+03	 8.550000000E+02
 1.197186735E+03	 8.583333130E+02
 1.201549675E+03	 8.543333130E+02
 1.205910401E+03	 8.536666870E+02
 1.210268916E+03	 8.516666870E+02
 1.214625221E+03	 8.480000000E+02
 1.218979318E+03	 8.613333130E+02
 1.223331208E+03	 8.603333130E+02
 1.227680895E+03	 8.466666870E+02
 1.232028378E+03	 8.593333130E+02
 1.236373660E+03	 8.426666870E+02
 1.240716743E+03	 8.503333130E+02
 1.245057628E+03	 8.580000000E+02
 1.249396317E+03	 8.553333130E+02
 1.253732812E+03	 8.460000000E+02
 1.258067115E+03	 8.473333130E+02
 1.262399226E+03	 8.540000000E+02
 1.266729149E+03	 8.550000000E+02
 1.271056884E+03	 8.546666870E+02
 1.275382434E+03	 8.530000000E+02
 1.279705800E+03	 8.573333130E+02
 1.284026983E+03	 8.496666870E+02
 1.288345986E+03	 8.486666870E+02
 1.292662810E+03	 8.493333130E+02
 1.296977457E+03	 8.456666870E+02
 1.301289929E+03	 8.470000000E+02
 1.305600226E+03	 8.556666870E+02
 1.309908352E+03	 8.473333130E+02
 1.314214308E+03	 8.430000000E+02
 1.318518095E+03	 8.473333130E+02
 1.322819715E+03	 8.450000000E+02
 1.327119170E+03	 8.570000000E+02
 1.331416461E+03	 8.430000000E+02
 1.335711591E+03	 8.520000000E+02
 1.340004560E+03	 8.430000000E+02
 1.344295371E+03	 8.446666870E+02
 1.348584025E+03	 8.460000000E+02
 1.352870525E+03	 8.420000000E+02
 1.357154870E+03	 8.383333130E+02
 1.361437065E+03	 8.433333130E+02
 1.365717109E+03	 8.590000000E+02
 1.369995004E+03	 8.426666870E+02
 1.374270754E+03	 8.416666870E+02
 1.378544358E+03	 8.560000000E+02
 1.382815819E+03	 8.406666870E+02
 1.387085138E+03	 8.473333130E+02
 1.391352317E+03	 8.413333130E+02
 1.395617359E+03	 8.363333130E+02
 1.399880263E+03	 8.450000000E+02
 1.404141033E+03	 8.440000000E+02
 1.408399669E+03	 8.380000000E+02
 1.412656174E+03	 8.456666870E+02
 1.416910549E+03	 8.463333130E+02
 1.421162795E+03	 8.533333130E+02
 1.425412915E+03	 8.466666870E+02
 1.429660910E+03	 8.483333130E+02
 1.433906782E+03	 8.383333130E+02
 1.438150532E+03	 8.433333130E+02
 1.442392163E+03	 8.483333130E+02
 1.446631675E+03	 8.486666870E+02
 1.450869070E+03	 8.506666870E+02
 1.455104350E+03	 8.426666870E+02
 1.459337517E+03	 8.450000000E+02
 1.463568573E+03	 8.506666870E+02
 1.467797518E+03	 8.383333130E+02
 1.472024355E+03	 8.446666870E+02
 1.476249085E+03	 8.560000000E+02
 1.480471710E+03	 8.426666870E+02
 1.484692232E+03	 8.473333130E+02
 1.488910652E+03	 8.446666870E+02
 1.493126971E+03	 8.430000000E+02
 1.497341192E+03	 8.366666870E+02
 1.501553316E+03	 8.393333130E+02
 1.505763345E+03	 8.453333130E+02
 1.509971280E+03	 8.350000000E+02
 1.514177124E+03	 8.433333130E+02
 1.518380876E+03	 8.426666870E+02
 1.522582541E+03	 8.480000000E+02
 1.526782117E+03	 8.340000000E+02
 1.530979609E+03	 8.456666870E+02
 1.535175017E+03	 8.353333130E+02
 1.539368342E+03	 8.386666870E+02
 1.543559587E+03	 8.426666870E+02
 1.547748752E+03	 8.460000000E+02
 1.551935841E+03	 8.406666870E+02
 1.556120853E+03	 8.503333130E+02
 1.560303791E+03	 8.416666870E+02
 1.564484657E+03	 8.366666870E+02
 1.568663452E+03	 8.283333130E+02
 1.572840178E+03	 8.426666870E+02
 1.577014835E+03	 8.343333130E+02
 1.581187427E+03	 8.393333130E+02
 1.585357954E+03	 8.393333130E+02
 1.589526419E+03	 8.433333130E+02
 1.593692821E+03	 8.403333130E+02
 1.597857165E+03	 8.340000000E+02
 1.602019450E+03	 8.263333130E+02
 1.606179679E+03	 8.376666870E+02
 1.610337852E+03	 8.253333130E+02
 1.614493973E+03	 8.276666870E+02
 1.618648041E+03	 8.340000000E+02
 1.622800060E+03	 8.366666870E+02
 1.626950030E+03	 8.320000000E+02
 1.631097953E+03	 8.276666870E+02
 1.635243830E+03	 8.193333130E+02
 1.639387664E+03	 8.286666870E+02
 1.643529456E+03	 8.310000000E+02
 1.647669207E+03	 8.253333130E+02
 1.651806919E+03	 8.306666870E+02
 1.655942593E+03	 8.293333130E+02
 1.660076232E+03	 8.276666870E+02
 1.664207836E+03	 8.260000000E+02
 1.668337408E+03	 8.290000000E+02
 1.672464948E+03	 8.290000000E+02
 1.676590459E+03	 8.340000000E+02
 1.680713942E+03	 8.276666870E+02
 1.684835398E+03	 8.283333130E+02
 1.688954829E+03	 8.106666870E+02
 1.693072237E+03	 8.230000000E+02
 1.697187623E+03	 8.200000000E+02
 1.701300989E+03	 8.160000000E+02
 1.705412337E+03	 8.220000000E+02
 1.709521667E+03	 8.210000000E+02
 1.713628981E+03	 8.130000000E+02
 1.717734282E+03	 8.146666870E+02
 1.721837570E+03	 8.160000000E+02
 1.725938848E+03	 8.133333130E+02
 1.730038116E+03	 8.123333130E+02
 1.734135376E+03	 8.176666870E+02
 1.738230630E+03	 8.156666870E+02
 1.742323879E+03	 8.153333130E+02
 1.746415125E+03	 8.210000000E+02
 1.750504369E+03	 8.146666870E+02
 1.754591614E+03	 8.166666870E+02
 1.758676859E+03	 8.210000000E+02
 1.762760108E+03	 8.143333130E+02
 1.766841361E+03	 8.150000000E+02
 1.770920621E+03	 8.150000000E+02
 1.774997888E+03	 8.243333130E+02
 1.779073164E+03	 8.236666870E+02
 1.783146450E+03	 8.126666870E+02
 1.787217749E+03	 8.156666870E+02
 1.791287062E+03	 8.173333130E+02
 1.795354389E+03	 8.150000000E+02
 1.799419734E+03	 8.176666870E+02
 1.803483096E+03	 8.160000000E+02
 1.807544479E+03	 8.180000000E+02
 1.811603882E+03	 8.113333130E+02
 1.815661309E+03	 8.116666870E+02
 1.819716760E+03	 8.046666870E+02
 1.823770236E+03	 8.186666870E+02
 1.827821740E+03	 8.190000000E+02
 1.831871273E+03	 8.126666870E+02
 1.835918836E+03	 8.060000000E+02
 1.839964431E+03	 8.146666870E+02
 1.844008059E+03	 8.113333130E+02
 1.848049722E+03	 8.040000000E+02
 1.852089422E+03	 8.090000000E+02
 1.856127159E+03	 8.153333130E+02
 1.860162936E+03	 8.096666870E+02
 1.864196753E+03	 8.023333130E+02
 1.868228613E+03	 8.103333130E+02
 1.872258517E+03	 8.060000000E+02
 1.876286465E+03	 8.066666870E+02
 1.880312461E+03	 8.046666870E+02
 1.884336505E+03	 8.073333130E+02
 1.888358599E+03	 8.100000000E+02
 1.892378744E+03	 8.096666870E+02
 1.896396941E+03	 8.136666870E+02
 1.900413193E+03	 8.013333130E+02
 1.904427501E+03	 8.043333130E+02
 1.908439866E+03	 8.026666870E+02
 1.912450289E+03	 8.093333130E+02
 1.916458772E+03	 8.080000000E+02
 1.920465317E+03	 8.116666870E+02
 1.924469925E+03	 8.090000000E+02
 1.928472598E+03	 8.040000000E+02
 1.932473336E+03	 8.150000000E+02
 1.936472142E+03	 8.113333130E+02
 1.940469017E+03	 7.966666870E+02
 1.944463962E+03	 8.103333130E+02
 1.948456979E+03	 8.006666870E+02
 1.952448069E+03	 8.060000000E+02
 1.956437234E+03	 8.060000000E+02
 1.960424476E+03	 8.073333130E+02
 1.964409794E+03	 8.046666870E+02
 1.968393192E+03	 8.076666870E+02
 1.972374671E+03	 8.013333130E+02
 1.976354231E+03	 8.033333130E+02
 1.980331875E+03	 8.016666870E+02
 1.984307603E+03	 8.133333130E+02
 1.988281418E+03	 8.046666870E+02
 1.992253321E+03	 8.146666870E+02
 1.996223313E+03	 8.046666870E+02
 2.000191395E+03	 8.103333130E+02
 2.004157570E+03	 8.103333130E+02
 2.008121838E+03	 8.096666870E+02
 2.012084201E+03	 8.006666870E+02
 2.016044660E+03	 8.070000000E+02
 2.020003217E+03	 8.040000000E+02
 2.023959873E+03	 7.983333130E+02
 2.027914630E+03	 7.983333130E+02
 2.031867489E+03	 8.000000000E+02
 2.035818452E+03	 8.016666870E+02
 2.039767519E+03	 8.056666870E+02
 2.043714693E+03	 8.020000000E+02
 2.047659974E+03	 8.013333130E+02
 2.051603365E+03	 8.100000000E+02
 2.055544866E+03	 8.043333130E+02
 2.059484479E+03	 8.050000000E+02
 2.063422205E+03	 7.920000000E+02
 2.067358046E+03	 7.963333130E+02
 2.071292004E+03	 7.900000000E+02
 2.075224079E+03	 7.973333130E+02
 2.079154273E+03	 7.986666870E+02
 2.083082587E+03	 7.900000000E+02
 2.087009023E+03	 8.023333130E+02
 2.090933583E+03	 7.966666870E+02
 2.094856266E+03	 8.016666870E+02
 2.098777076E+03	 8.000000000E+02
 2.102696014E+03	 8.036666870E+02
 2.106613080E+03	 7.990000000E+02
 2.110528276E+03	 7.970000000E+02
 2.114441604E+03	 7.986666870E+02
 2.118353065E+03	 8.026666870E+02
 2.122262660E+03	 8.010000000E+02
 2.126170390E+03	 7.926666870E+02
 2.130076258E+03	 7.933333130E+02
 2.133980265E+03	 8.016666870E+02
 2.137882411E+03	 7.960000000E+02
 2.141782698E+03	 7.893333130E+02
 2.145681128E+03	 7.893333130E+02
 2.149577702E+03	 7.880000000E+02
 2.153472421E+03	 7.983333130E+02
 2.157365287E+03	 7.936666870E+02
 2.161256301E+03	 7.963333130E+02
 2.165145465E+03	 7.883333130E+02
 2.169032779E+03	 7.903333130E+02
 2.172918245E+03	 7.880000000E+02
 2.176801865E+03	 7.923333130E+02
 2.180683640E+03	 7.896666870E+02
 2.184563571E+03	 7.886666870E+02
 2.188441660E+03	 7.833333130E+02
 2.192317907E+03	 7.933333130E+02
 2.196192315E+03	 7.860000000E+02
 2.200064885E+03	 7.876666870E+02
 2.203935617E+03	 7.853333130E+02
 2.207804514E+03	 7.840000000E+02
 2.211671577E+03	 7.893333130E+02
 2.215536806E+03	 7.853333130E+02
 2.219400204E+03	 7.883333130E+02
 2.223261772E+03	 7.880000000E+02
 2.227121511E+03	 7.853333130E+02
 2.230979422E+03	 7.786666870E+02
 2.234835507E+03	 7.820000000E+02
 2.238689767E+03	 7.883333130E+02
 2.242542203E+03	 7.930000000E+02
 2.246392817E+03	 7.830000000E+02
 2.250241611E+03	 7.793333130E+02
 2.254088584E+03	 7.840000000E+02
 2.257933739E+03	 7.846666870E+02
 2.261777078E+03	 7.833333130E+02
 2.265618600E+03	 7.830000000E+02
 2.269458309E+03	 7.823333130E+02
 2.273296204E+03	 7.800000000E+02
 2.277132288E+03	 7.740000000E+02
 2.280966561E+03	 7.796666870E+02
 2.284799025E+03	 7.803333130E+02
 2.288629682E+03	 7.833333130E+02
 2.292458532E+03	 7.866666870E+02
 2.296285577E+03	 7.780000000E+02
 2.300110818E+03	 7.866666870E+02
 2.303934257E+03	 7.840000000E+02
 2.307755894E+03	 7.766666870E+02
 2.311575732E+03	 7.706666870E+02
 2.315393771E+03	 7.860000000E+02
 2.319210012E+03	 7.840000000E+02
 2.323024458E+03	 7.766666870E+02
 2.326837109E+03	 7.776666870E+02
 2.330647966E+03	 7.810000000E+02
 2.334457032E+03	 7.783333130E+02
 2.338264306E+03	 7.753333130E+02
 2.342069791E+03	 7.886666870E+02
 2.345873488E+03	 7.723333130E+02
 2.349675398E+03	 7.786666870E+02
 2.353475522E+03	 7.800000000E+02
 2.357273862E+03	 7.763333130E+02
 2.361070418E+03	 7.840000000E+02
 2.364865193E+03	 7.813333130E+02
 2.368658187E+03	 7.763333130E+02
 2.372449402E+03	 7.760000000E+02
 2.376238839E+03	 7.773333130E+02
 2.380026499E+03	 7.766666870E+02
 2.383812384E+03	 7.686666870E+02
 2.387596495E+03	 7.820000000E+02
 2.391378832E+03	 7.693333130E+02
 2.395159398E+03	 7.783333130E+02
 2.398938194E+03	 7.746666870E+02
 2.402715220E+03	 7.806666870E+02
 2.406490479E+03	 7.650000000E+02
 2.410263971E+03	 7.843333130E+02
 2.414035697E+03	 7.763333130E+02
 2.417805660E+03	 7.790000000E+02
 2.421573860E+03	 7.716666870E+02
 2.425340298E+03	 7.843333130E+02
 2.429104976E+03	 7.780000000E+02
 2.432867894E+03	 7.780000000E+02
 2.436629055E+03	 7.830000000E+02
 2.440388459E+03	 7.706666870E+02
 2.444146108E+03	 7.730000000E+02
 2.447902003E+03	 7.840000000E+02
 2.451656145E+03	 7.776666870E+02
 2.455408536E+03	 7.786666870E+02
 2.459159176E+03	 7.690000000E+02
 2.462908066E+03	 7.736666870E+02
 2.466655209E+03	 7.730000000E+02
 2.470400606E+03	 7.726666870E+02
 2.474144257E+03	 7.670000000E+02
 2.477886163E+03	 7.743333130E+02
 2.481626327E+03	 7.746666870E+02
 2.485364749E+03	 7.646666870E+02
 2.489101430E+03	 7.750000000E+02
 2.492836373E+03	 7.776666870E+02
 2.496569577E+03	 7.756666870E+02
 2.500301044E+03	 7.656666870E+02
 2.504030776E+03	 7.680000000E+02
 2.507758773E+03	 7.663333130E+02
 2.511485037E+03	 7.726666870E+02
 2.515209569E+03	 7.703333130E+02
 2.518932370E+03	 7.736666870E+02
 2.522653442E+03	 7.650000000E+02
 2.526372785E+03	 7.760000000E+02
 2.530090402E+03	 7.706666870E+02
 2.533806292E+03	 7.683333130E+02
 2.537520458E+03	 7.683333130E+02
 2.541232900E+03	 7.740000000E+02
 2.544943620E+03	 7.613333130E+02
 2.548652619E+03	 7.716666870E+02
 2.552359897E+03	 7.660000000E+02
 2.556065458E+03	 7.646666870E+02
 2.559769300E+03	 7.606666870E+02
 2.563471426E+03	 7.670000000E+02
 2.567171838E+03	 7.613333130E+02
 2.570870535E+03	 7.620000000E+02
 2.574567519E+03	 7.706666870E+02
 2.578262792E+03	 7.600000000E+02
 2.581956355E+03	 7.613333130E+02
 2.585648209E+03	 7.613333130E+02
 2.589338354E+03	 7.626666870E+02
 2.593026793E+03	 7.576666870E+02
 2.596713526E+03	 7.620000000E+02
 2.600398554E+03	 7.710000000E+02
 2.604081880E+03	 7.603333130E+02
 2.607763503E+03	 7.610000000E+02
 2.611443425E+03	 7.643333130E+02
 2.615121648E+03	 7.603333130E+02
 2.618798172E+03	 7.636666870E+02
 2.622472998E+03	 7.676666870E+02
 2.626146129E+03	 7.580000000E+02
 2.629817564E+03	 7.636666870E+02
 2.633487306E+03	 7.680000000E+02
 2.637155354E+03	 7.583333130E+02
 2.640821711E+03	 7.596666870E+02
 2.644486378E+03	 7.563333130E+02
 2.648149356E+03	 7.550000000E+02
 2.651810645E+03	 7.623333130E+02
 2.655470247E+03	 7.573333130E+02
 2.659128164E+03	 7.656666870E+02
 2.662784396E+03	 7.533333130E+02
 2.666438945E+03	 7.590000000E+02
 2.670091811E+03	 7.550000000E+02
 2.673742996E+03	 7.600000000E+02
 2.677392501E+03	 7.553333130E+02
 2.681040328E+03	 7.523333130E+02
 2.684686476E+03	 7.593333130E+02
 2.688330948E+03	 7.516666870E+02
 2.691973745E+03	 7.620000000E+02
 2.695614867E+03	 7.536666870E+02
 2.699254316E+03	 7.613333130E+02
 2.702892093E+03	 7.563333130E+02
 2.706528199E+03	 7.653333130E+02
 2.710162635E+03	 7.556666870E+02
 2.713795403E+03	 7.593333130E+02
 2.717426503E+03	 7.556666870E+02
 2.721055937E+03	 7.606666870E+02
 2.724683706E+03	 7.550000000E+02
 2.728309811E+03	 7.640000000E+02
 2.731934252E+03	 7.530000000E+02
 2.735557032E+03	 7.596666870E+02
 2.739178151E+03	 7.513333130E+02
 2.742797611E+03	 7.530000000E+02
 2.746415412E+03	 7.563333130E+02
 2.750031555E+03	 7.540000000E+02
 2.753646043E+03	 7.543333130E+02
 2.757258875E+03	 7.530000000E+02
 2.760870053E+03	 7.520000000E+02
 2.764479579E+03	 7.556666870E+02
 2.768087452E+03	 7.513333130E+02
 2.771693675E+03	 7.563333130E+02
 2.775298248E+03	 7.556666870E+02
 2.778901173E+03	 7.490000000E+02
 2.782502451E+03	 7.520000000E+02
 2.786102082E+03	 7.493333130E+02
 2.789700068E+03	 7.550000000E+02
 2.793296410E+03	 7.536666870E+02
 2.796891109E+03	 7.540000000E+02
 2.800484166E+03	 7.470000000E+02
 2.804075583E+03	 7.476666870E+02
 2.807665360E+03	 7.530000000E+02
 2.811253498E+03	 7.533333130E+02
 2.814839999E+03	 7.473333130E+02
 2.818424863E+03	 7.510000000E+02
 2.822008093E+03	 7.516666870E+02
 2.825589688E+03	 7.503333130E+02
 2.829169649E+03	 7.476666870E+02
 2.832747979E+03	 7.506666870E+02
 2.836324678E+03	 7.493333130E+02
 2.839899747E+03	 7.523333130E+02
 2.843473188E+03	 7.510000000E+02
 2.847045000E+03	 7.526666870E+02
 2.850615186E+03	 7.520000000E+02
 2.854183747E+03	 7.476666870E+02
 2.857750683E+03	 7.480000000E+02
 2.861315996E+03	 7.440000000E+02
 2.864879686E+03	 7.496666870E+02
 2.868441755E+03	 7.476666870E+02
 2.872002204E+03	 7.423333130E+02
 2.875561034E+03	 7.406666870E+02
 2.879118246E+03	 7.456666870E+02
 2.882673841E+03	 7.450000000E+02
 2.886227820E+03	 7.490000000E+02
 2.889780184E+03	 7.436666870E+02
 2.893330935E+03	 7.513333130E+02
 2.896880073E+03	 7.450000000E+02
 2.900427599E+03	 7.490000000E+02
 2.903973514E+03	 7.470000000E+02
 2.907517820E+03	 7.516666870E+02
 2.911060518E+03	 7.530000000E+02
 2.914601608E+03	 7.496666870E+02
 2.918141092E+03	 7.506666870E+02
 2.921678971E+03	 7.433333130E+02
 2.925215245E+03	 7.453333130E+02
 2.928749916E+03	 7.476666870E+02
 2.932282985E+03	 7.420000000E+02
 2.935814453E+03	 7.413333130E+02
 2.939344321E+03	 7.463333130E+02
 2.942872590E+03	 7.433333130E+02
 2.946399260E+03	 7.493333130E+02
 2.949924334E+03	 7.376666870E+02
 2.953447812E+03	 7.453333130E+02
 2.956969696E+03	 7.473333130E+02
 2.960489985E+03	 7.483333130E+02
 2.964008682E+03	 7.460000000E+02
 2.967525787E+03	 7.436666870E+02
 2.971041301E+03	 7.460000000E+02
 2.974555225E+03	 7.383333130E+02
 2.978067561E+03	 7.413333130E+02
 2.981578309E+03	 7.473333130E+02
 2.985087471E+03	 7.393333130E+02
 2.988595047E+03	 7.403333130E+02
 2.992101039E+03	 7.443333130E+02
 2.995605447E+03	 7.456666870E+02
 2.999108273E+03	 7.416666870E+02
 3.002609517E+03	 7.380000000E+02
 3.006109181E+03	 7.390000000E+02
 3.009607265E+03	 7.403333130E+02
 3.013103772E+03	 7.406666870E+02
 3.016598700E+03	 7.346666870E+02
 3.020092053E+03	 7.446666870E+02
 3.023583830E+03	 7.376666870E+02
 3.027074032E+03	 7.423333130E+02
 3.030562662E+03	 7.373333130E+02
 3.034049719E+03	 7.380000000E+02
 3.037535205E+03	 7.366666870E+02
 3.041019120E+03	 7.426666870E+02
 3.044501466E+03	 7.386666870E+02
 3.047982244E+03	 7.353333130E+02
 3.051461455E+03	 7.423333130E+02
 3.054939100E+03	 7.366666870E+02
 3.058415179E+03	 7.403333130E+02
 3.061889694E+03	 7.416666870E+02
 3.065362646E+03	 7.353333130E+02
 3.068834035E+03	 7.416666870E+02
 3.072303864E+03	 7.430000000E+02
 3.075772132E+03	 7.440000000E+02
 3.079238841E+03	 7.370000000E+02
 3.082703991E+03	 7.440000000E+02
 3.086167585E+03	 7.416666870E+02
 3.089629622E+03	 7.390000000E+02
 3.093090103E+03	 7.383333130E+02
 3.096549031E+03	 7.380000000E+02
 3.100006405E+03	 7.363333130E+02
 3.103462227E+03	 7.370000000E+02
 3.106916498E+03	 7.340000000E+02
 3.110369218E+03	 7.353333130E+02
 3.113820389E+03	 7.390000000E+02
 3.117270011E+03	 7.280000000E+02
 3.120718086E+03	 7.346666870E+02
 3.124164615E+03	 7.346666870E+02
 3.127609598E+03	 7.403333130E+02
 3.131053037E+03	 7.326666870E+02
 3.134494933E+03	 7.443333130E+02
 3.137935286E+03	 7.356666870E+02
 3.141374097E+03	 7.366666870E+02
 3.144811368E+03	 7.376666870E+02
 3.148247099E+03	 7.293333130E+02
 3.151681292E+03	 7.373333130E+02
 3.155113947E+03	 7.286666870E+02
 3.158545065E+03	 7.340000000E+02
 3.161974648E+03	 7.293333130E+02
 3.165402696E+03	 7.310000000E+02
 3.168829210E+03	 7.280000000E+02
 3.172254192E+03	 7.356666870E+02
 3.175677641E+03	 7.333333130E+02
 3.179099560E+03	 7.326666870E+02
 3.182519949E+03	 7.346666870E+02
 3.185938809E+03	 7.290000000E+02
 3.189356141E+03	 7.363333130E+02
 3.192771946E+03	 7.326666870E+02
 3.196186224E+03	 7.330000000E+02
 3.199598978E+03	 7.326666870E+02
 3.203010208E+03	 7.313333130E+02
 3.206419914E+03	 7.306666870E+02
 3.209828098E+03	 7.326666870E+02
 3.213234761E+03	 7.253333130E+02
 3.216639904E+03	 7.266666870E+02
 3.220043527E+03	 7.246666870E+02
 3.223445632E+03	 7.320000000E+02
 3.226846219E+03	 7.316666870E+02
 3.230245289E+03	 7.306666870E+02
 3.233642844E+03	 7.290000000E+02
 3.237038885E+03	 7.306666870E+02
 3.240433411E+03	 7.256666870E+02
 3.243826425E+03	 7.333333130E+02
 3.247217927E+03	 7.306666870E+02
 3.250607919E+03	 7.223333130E+02
 3.253996400E+03	 7.260000000E+02
 3.257383372E+03	 7.316666870E+02
 3.260768836E+03	 7.246666870E+02
 3.264152793E+03	 7.286666870E+02
 3.267535244E+03	 7.253333130E+02
 3.270916189E+03	 7.266666870E+02
 3.274295631E+03	 7.333333130E+02
 3.277673568E+03	 7.246666870E+02
 3.281050004E+03	 7.340000000E+02
 3.284424938E+03	 7.260000000E+02
 3.287798371E+03	 7.266666870E+02
 3.291170304E+03	 7.306666870E+02
 3.294540739E+03	 7.283333130E+02
 3.297909676E+03	 7.316666870E+02
 3.301277116E+03	 7.320000000E+02
 3.304643060E+03	 7.313333130E+02
 3.308007509E+03	 7.290000000E+02
 3.311370464E+03	 7.266666870E+02
 3.314731926E+03	 7.263333130E+02
 3.318091895E+03	 7.280000000E+02
 3.321450373E+03	 7.233333130E+02
 3.324807360E+03	 7.306666870E+02
 3.328162858E+03	 7.276666870E+02
 3.331516868E+03	 7.266666870E+02
 3.334869389E+03	 7.270000000E+02
 3.338220424E+03	 7.243333130E+02
 3.341569973E+03	 7.250000000E+02
 3.344918037E+03	 7.303333130E+02
 3.348264618E+03	 7.293333130E+02
 3.351609714E+03	 7.203333130E+02
 3.354953329E+03	 7.256666870E+02
 3.358295462E+03	 7.250000000E+02
 3.361636115E+03	 7.200000000E+02
 3.364975289E+03	 7.286666870E+02
 3.368312984E+03	 7.206666870E+02
 3.371649201E+03	 7.280000000E+02
 3.374983941E+03	 7.200000000E+02
 3.378317206E+03	 7.293333130E+02
 3.381648995E+03	 7.233333130E+02
 3.384979311E+03	 7.273333130E+02
 3.388308153E+03	 7.293333130E+02
 3.391635523E+03	 7.203333130E+02
 3.394961422E+03	 7.236666870E+02
 3.398285850E+03	 7.226666870E+02
 3.401608808E+03	 7.303333130E+02
 3.404930298E+03	 7.300000000E+02
 3.408250320E+03	 7.250000000E+02
 3.411568875E+03	 7.253333130E+02
 3.414885965E+03	 7.263333130E+02
 3.418201589E+03	 7.266666870E+02
 3.421515749E+03	 7.176666870E+02
 3.424828445E+03	 7.236666870E+02
 3.428139679E+03	 7.230000000E+02
 3.431449452E+03	 7.266666870E+02
 3.434757764E+03	 7.210000000E+02
 3.438064616E+03	 7.283333130E+02
 3.441370009E+03	 7.196666870E+02
 3.444673945E+03	 7.213333130E+02
 3.447976423E+03	 7.180000000E+02
 3.451277445E+03	 7.233333130E+02
 3.454577011E+03	 7.206666870E+02
 3.457875124E+03	 7.240000000E+02
 3.461171782E+03	 7.230000000E+02
 3.464466988E+03	 7.220000000E+02
 3.467760742E+03	 7.240000000E+02
 3.471053046E+03	 7.253333130E+02
 3.474343899E+03	 7.180000000E+02
 3.477633303E+03	 7.146666870E+02
 3.480921258E+03	 7.250000000E+02
 3.484207767E+03	 7.253333130E+02
 3.487492828E+03	 7.256666870E+02
 3.490776444E+03	 7.250000000E+02
 3.494058616E+03	 7.193333130E+02
 3.497339343E+03	 7.223333130E+02
 3.500618627E+03	 7.200000000E+02
 3.503896469E+03	 7.266666870E+02
 3.507172870E+03	 7.190000000E+02
 3.510447831E+03	 7.226666870E+02
 3.513721351E+03	 7.186666870E+02
 3.516993434E+03	 7.240000000E+02
 3.520264078E+03	 7.173333130E+02
 3.523533285E+03	 7.236666870E+02
 3.526801056E+03	 7.153333130E+02
 3.530067393E+03	 7.206666870E+02
 3.533332294E+03	 7.206666870E+02
 3.536595762E+03	 7.263333130E+02
 3.539857798E+03	 7.193333130E+02
 3.543118402E+03	 7.220000000E+02
 3.546377574E+03	 7.180000000E+02
 3.549635317E+03	 7.146666870E+02
 3.552891631E+03	 7.216666870E+02
 3.556146516E+03	 7.223333130E+02
 3.559399974E+03	 7.200000000E+02
 3.562652005E+03	 7.153333130E+02
 3.565902611E+03	 7.180000000E+02
 3.569151791E+03	 7.190000000E+02
 3.572399548E+03	 7.163333130E+02
 3.575645881E+03	 7.186666870E+02
 3.578890792E+03	 7.173333130E+02
 3.582134282E+03	 7.193333130E+02
 3.585376350E+03	 7.216666870E+02
 3.588617000E+03	 7.186666870E+02
 3.591856230E+03	 7.176666870E+02
 3.595094042E+03	 7.216666870E+02
 3.598330437E+03	 7.246666870E+02
 3.601565416E+03	 7.216666870E+02
 3.604798979E+03	 7.250000000E+02
 3.608031127E+03	 7.250000000E+02
 3.611261862E+03	 7.276666870E+02
 3.614491183E+03	 7.163333130E+02
 3.617719093E+03	 7.273333130E+02
 3.620945591E+03	 7.310000000E+02
 3.624170679E+03	 7.316666870E+02
 3.627394357E+03	 7.293333130E+02
 3.630616627E+03	 7.320000000E+02
 3.633837489E+03	 7.320000000E+02
 3.637056943E+03	 7.343333130E+02
 3.640274992E+03	 7.336666870E+02
 3.643491635E+03	 7.316666870E+02
 3.646706873E+03	 7.323333130E+02
 3.649920708E+03	 7.370000000E+02
 3.653133140E+03	 7.396666870E+02
 3.656344170E+03	 7.363333130E+02
 3.659553799E+03	 7.313333130E+02
 3.662762027E+03	 7.370000000E+02
 3.665968856E+03	 7.430000000E+02
 3.669174286E+03	 7.350000000E+02
 3.672378319E+03	 7.286666870E+02
 3.675580955E+03	 7.280000000E+02
 3.678782194E+03	 7.193333130E+02
 3.681982038E+03	 7.306666870E+02
 3.685180488E+03	 7.196666870E+02
 3.688377544E+03	 7.240000000E+02
 3.691573207E+03	 7.220000000E+02
 3.694767478E+03	 7.210000000E+02
 3.697960358E+03	 7.176666870E+02
 3.701151848E+03	 7.210000000E+02
 3.704341948E+03	 7.220000000E+02
 3.707530660E+03	 7.136666870E+02
 3.710717984E+03	 7.183333130E+02
 3.713903921E+03	 7.130000000E+02
 3.717088471E+03	 7.150000000E+02
 3.720271637E+03	 7.143333130E+02
 3.723453418E+03	 7.103333130E+02
 3.726633815E+03	 7.116666870E+02
 3.729812829E+03	 7.166666870E+02
 3.732990461E+03	 7.156666870E+02
 3.736166713E+03	 7.090000000E+02
 3.739341583E+03	 7.163333130E+02
 3.742515075E+03	 7.090000000E+02
 3.745687187E+03	 7.066666870E+02
 3.748857922E+03	 7.130000000E+02
 3.752027279E+03	 7.086666870E+02
 3.755195260E+03	 7.123333130E+02
 3.758361866E+03	 7.116666870E+02
 3.761527097E+03	 7.150000000E+02
 3.764690955E+03	 7.116666870E+02
 3.767853439E+03	 7.106666870E+02
 3.771014552E+03	 7.086666870E+02
 3.774174293E+03	 7.120000000E+02
 3.777332663E+03	 7.126666870E+02
 3.780489664E+03	 7.040000000E+02
 3.783645296E+03	 7.120000000E+02
 3.786799560E+03	 7.150000000E+02
 3.789952457E+03	 7.100000000E+02
 3.793103987E+03	 7.053333130E+02
 3.796254152E+03	 7.133333130E+02
 3.799402951E+03	 7.070000000E+02
 3.802550387E+03	 7.046666870E+02
 3.805696460E+03	 7.140000000E+02
 3.808841171E+03	 7.130000000E+02
 3.811984520E+03	 7.040000000E+02
 3.815126508E+03	 7.130000000E+02
 3.818267136E+03	 7.133333130E+02
 3.821406405E+03	 7.103333130E+02
 3.824544316E+03	 7.156666870E+02
 3.827680870E+03	 7.113333130E+02
 3.830816067E+03	 7.103333130E+02
 3.833949908E+03	 7.093333130E+02
 3.837082394E+03	 7.103333130E+02
 3.840213526E+03	 7.093333130E+02
 3.843343304E+03	 7.073333130E+02
 3.846471730E+03	 7.106666870E+02
 3.849598804E+03	 7.076666870E+02
 3.852724527E+03	 7.063333130E+02
 3.855848900E+03	 7.096666870E+02
 3.858971924E+03	 7.100000000E+02
 3.862093599E+03	 7.103333130E+02
 3.865213927E+03	 7.093333130E+02
 3.868332907E+03	 7.046666870E+02
 3.871450541E+03	 7.040000000E+02
 3.874566831E+03	 7.020000000E+02
 3.877681775E+03	 7.110000000E+02
 3.880795376E+03	 7.056666870E+02
 3.883907634E+03	 7.050000000E+02
 3.887018550E+03	 7.093333130E+02
 3.890128125E+03	 7.046666870E+02
 3.893236359E+03	 7.076666870E+02
 3.896343253E+03	 7.160000000E+02
 3.899448809E+03	 7.046666870E+02
 3.902553026E+03	 7.056666870E+02
 3.905655907E+03	 7.006666870E+02
 3.908757451E+03	 7.093333130E+02
 3.911857659E+03	 7.043333130E+02
 3.914956532E+03	 7.030000000E+02
 3.918054072E+03	 7.100000000E+02
 3.921150278E+03	 7.036666870E+02
 3.924245152E+03	 7.036666870E+02
 3.927338694E+03	 6.976666870E+02
 3.930430905E+03	 7.070000000E+02
 3.933521786E+03	 7.093333130E+02
 3.936611338E+03	 7.070000000E+02
 3.939699562E+03	 7.090000000E+02
 3.942786458E+03	 7.016666870E+02
 3.945872027E+03	 7.070000000E+02
 3.948956270E+03	 7.100000000E+02
 3.952039188E+03	 7.070000000E+02
 3.955120782E+03	 6.990000000E+02
 3.958201051E+03	 6.986666870E+02
 3.961279999E+03	 7.063333130E+02
 3.964357624E+03	 7.030000000E+02
 3.967433927E+03	 7.073333130E+02
 3.970508911E+03	 7.040000000E+02
 3.973582574E+03	 7.056666870E+02
 3.976654919E+03	 7.033333130E+02
 3.979725946E+03	 7.093333130E+02
 3.982795656E+03	 7.030000000E+02
 3.985864049E+03	 7.070000000E+02
 3.988931127E+03	 7.030000000E+02
 3.991996889E+03	 7.053333130E+02
 3.995061338E+03	 7.003333130E+02
 3.998124474E+03	 6.993333130E+02
 4.001186297E+03	 7.026666870E+02
 4.004246808E+03	 7.026666870E+02
 4.007306008E+03	 7.000000000E+02
 4.010363899E+03	 7.070000000E+02
 4.013420480E+03	 7.060000000E+02
 4.016475753E+03	 6.996666870E+02
 4.019529718E+03	 7.060000000E+02
 4.022582376E+03	 7.030000000E+02
 4.025633728E+03	 7.020000000E+02
 4.028683775E+03	 6.950000000E+02
 4.031732517E+03	 7.013333130E+02
 4.034779956E+03	 7.023333130E+02
 4.037826091E+03	 7.000000000E+02
 4.040870925E+03	 7.006666870E+02
 4.043914457E+03	 6.963333130E+02
